SIZES
  narena                13631488
  nbuffer               8496
  nplugin               0
  maxuse_stack          1232
  maxuse_arena          1232
  maxuse_con            0
  maxuse_efc            0
  solver_nisland        0
  ne                    0
  nf                    0
  nl                    0
  nefc                  0
  nnzJ                  0
  ncon                  0
  nisland               0
  threadpool            0

TIMER
    0:  duration =  0.77       number = 31
    1:  duration =  0.72       number = 124
    2:  duration =  0          number = 0
    3:  duration =  0.42       number = 124
    4:  duration =  0.12       number = 124
    5:  duration =  0          number = 0
    6:  duration =  0.0059     number = 124
    7:  duration =  0          number = 0
    8:  duration =  0.2        number = 124
    9:  duration =  0.13       number = 124
    10:  duration =  0          number = 0
    11:  duration =  0.0079     number = 124
    12:  duration =  0.0066     number = 124
    13:  duration =  0          number = 0
    14:  duration =  0          number = 0

ENERGY =  -0.73      0.73    

TIME =  59      

QPOS
   1.6     
   0.047   
   0.048   
  -0.5     
   0.66    
  -0.56    
   54      

QVEL
   5.8     
   0.95    
  -12      
  -94      
   0.25    
   17      

QACC_WARMSTART
   31      
   7.3     
  -1.3e+02 
   4.2e+03 
   1.3e+03 
   2.5e+03 

QFRC_APPLIED
   0       
   0       
   0       
   0       
   0       
   0       

XFRC_APPLIED
   0         0         0         0         0         0       
   0         0         0         0         0         0       
   0         0         0         0         0         0       
   0         0         0         0         0         0       
   0         0         0         0         0         0       

QACC
   31      
   7.3     
  -1.3e+02 
   4.2e+03 
   1.3e+03 
   2.5e+03 

XPOS
   0         0         0       
   0         0         0       
  -0.011     0        -0.15    
  -0.019     0        -0.25    
  -0.093    -0.012    -0.18    

XQUAT
   1         0         0         0       
   0.68      0         0.73      0       
   0.68      0         0.73      0       
  -0.45     -0.75      0.49     -0.013   
   0.81     -0.33     -0.087    -0.48    

XMAT
   1         0         0         0         1         0         0         0         1       
  -0.078     0         1         0         1         0        -1         0        -0.078   
  -0.078     0         1         0         1         0        -1         0        -0.078   
   0.53     -0.74     -0.42     -0.71     -0.12     -0.69      0.46      0.67     -0.59    
   0.53      0.83      0.18     -0.71      0.32      0.62      0.46     -0.46      0.76    

XIPOS
   0         0         0       
  -0.003     0        -0.038   
  -0.011     0        -0.15    
  -0.056    -0.0058   -0.21    
  -0.051     0.0044   -0.2     

XIMAT
   1         0         0         0         1         0         0         0         1       
   1         0        -0.078     0        -1        -0        -0.078     0        -1       
   1         0         0.078     0         1         0        -0.078     0         1       
   0.53     -0.42      0.74     -0.71     -0.69      0.12      0.46     -0.59     -0.67    
   0.53      0.18     -0.83     -0.71      0.62     -0.32      0.46      0.76      0.46    

XANCHOR
   0         0         0       
  -0.0078    0        -0.1     
  -0.019     0        -0.25    
  -0.093    -0.012    -0.18    

XAXIS
   0         1         0       
  -0.078     0        -1       
   1         0        -0.078   
   0.53     -0.71      0.46    

GEOM_XPOS
   0         0        -0.5     
   0         0         0       
  -0.0039    0        -0.05    
  -0.011     0        -0.15    
  -0.056    -0.0058   -0.21    
  -0.051     0.0044   -0.2     

GEOM_XMAT
   1         0         0         0         1         0         0         0         1       
  -0.078     1         1.1e-16   0         1.7e-16  -1        -1        -0.078    -5.6e-17 
   1         0         0.078     0         1         0        -0.078     0         1       
   1         0         0.078     0         1         0        -0.078     0         1       
   0.53     -0.42      0.74     -0.71     -0.69      0.12      0.46     -0.59     -0.67    
   0.53      0.18     -0.83     -0.71      0.62     -0.32      0.46      0.76      0.46    

LIGHT_XPOS
   0         0         2       

LIGHT_XDIR
   0         0        -1       

SUBTREE_COM
  -0.029    -0.00033  -0.14    
  -0.029    -0.00033  -0.14    
  -0.04     -0.00047  -0.19    
  -0.054    -0.0007   -0.21    
  -0.051     0.0044   -0.2     

CDOF
   0         1         0        -0.14      0         0.029   
   0         0         0        -0.078     0        -1       
   0.53     -0.71      0.46     -0.074    -0.06     -0.0068  
  -0.74     -0.12      0.67     -0.012     0.071    -0.00084 
  -0.42     -0.69     -0.59     -0.072     0.05     -0.0063  
   0.53     -0.71      0.46     -0.032     0.0096    0.052   

CINERT
   0         0         0         0         0         0         0         0         0         0       
   0.0026    0.0027    0.00018  -1.7e-06  -0.00058  -7.1e-06   0.0054    6.8e-05   0.022     0.21    
   0.00064   0.00069   6.7e-05  -8.7e-07  -3.6e-05   2.4e-07   0.0027    5.1e-05  -0.00074   0.16    
   0.00091   0.0011    0.00023  -3.4e-05  -0.00026  -5.4e-05  -0.0044   -0.00087  -0.011     0.16    
   0.00068   0.00088   0.00028  -3.6e-05  -0.00014   7.5e-05  -0.0036    0.00076  -0.0097    0.16    

CRB
   0         0         0         0         0         0         0         0         0         0       
   0.0048    0.0054    0.00076  -7.2e-05  -0.001     1.5e-05   3.5e-18  -6.8e-20   6.9e-18   0.68    
   0.0022    0.0027    0.00057  -7.1e-05  -0.00044   2.2e-05  -0.0054   -6.8e-05  -0.022     0.47    
   0.0016    0.002     0.00051  -7e-05    -0.0004    2.2e-05  -0.008    -0.00012  -0.021     0.32    
   0.00068   0.00088   0.00028  -3.6e-05  -0.00014   7.5e-05  -0.0036    0.00076  -0.0097    0.16    

QM
   0.02     -0.012     0.0011    0.00023   0.0011   -0.00014 
  -0.012     0.47      0.0086    0.0012    0.0082   -0.0061  
   0.0011    0.0086    0.0013   -3.3e-19  -1.1e-19  -0.00013 
   0.00023   0.0012   -3.3e-19   0.00013   6.8e-05   1.1e-19 
   0.0011    0.0082   -1.1e-19   6.8e-05   0.0012   -5.4e-20 
  -0.00014  -0.0061   -0.00013   1.1e-19  -5.4e-20   0.00063 

QLD
   0.015    -0.091     0.86      1.3       0.95     -0.22    
  -0.091     0.31      6         6         6.8      -9.8     
   0.86      6         0.0012   -2.4e-15  -9.9e-17  -0.2     
   1.3       6        -2.4e-15   0.00012   0.057     1.7e-16 
   0.95      6.8      -9.9e-17   0.057     0.0012   -8.6e-17 
  -0.22     -9.8      -0.2       1.7e-16  -8.6e-17   0.00063 

QLDIAGINV
   67      
   3.2     
   8.1e+02 
   8e+03   
   8.3e+02 
   1.6e+03 

QLDIAGSQRTINV
   8.2     
   1.8     
   28      
   90      
   29      
   40      

D_rownnz              6 6 6 6 6 6

D_rowadr              0 6 12 18 24 30

D_colind              0 1 2 3 4 5 0 1 2 3 4 5 0 1 2 3 4 5 0 1 2 3 4 5 0 1 2 3 4 5 0 1 2 3 4 5

B_rownnz              6 6 6 6 6

B_rowadr              0 6 12 18 24

B_colind              0 1 2 3 4 5 0 1 2 3 4 5 0 1 2 3 4 5 0 1 2 3 4 5 0 1 2 3 4 5

QDERIV
   0         0         0         0         0         0       
   0         0         0         0         0         0       
   0         0         0         0         0         0       
   0         0         0         0         0         0       
   0         0         0         0         0         0       
   0         0         0         0         0         0       

QLU
   0         0         0         0         0         0       
   0         0         0         0         0         0       
   0         0         0         0         0         0       
   0         0         0         0         0         0       
   0         0         0         0         0         0       
   0         0         0         0         0         0       

CONTACT
CVEL
   0         0         0         0         0         0       
   0         5.8       0        -0.82      0         0.16    
   0         5.8       0        -0.89      0        -0.78    
   63        25       -68        1.1      -5.9      -0.63    
   72        13       -60        0.53     -5.7       0.26    

CDOF_DOT
   0         0         0         0         0         0       
   0         0         0        -5.7       0         0.45    
   2.7       0        -3        -0.6      -0.0041    1.1     
   3.8      -0         4.2      -0.096     1.2       0.17    
  -3.4       0         2.4      -0.58     -0.19      1       
  -37       -65       -58       -1.2      -1.9       3.8     

QFRC_BIAS
  -2.5     
  -12      
   0.39    
  -0.64    
  -1.9     
  -1.5     

QFRC_SPRING
   0       
  -9.4     
   0       
   0       
   0       
   0       

QFRC_DAMPER
   0       
   0       
   0       
   0       
   0       
   0       

QFRC_GRAVCOMP
   0       
   0       
   0       
   0       
   0       
   0       

QFRC_FLUID
   0       
   0       
   0       
   0       
   0       
   0       

QFRC_PASSIVE
   0       
  -9.4     
   0       
   0       
   0       
   0       

SUBTREE_LINVEL
   0         0         0       
   0         0         0       
   0         0         0       
   0         0         0       
   0         0         0       

SUBTREE_ANGMOM
   0         0         0       
   0         0         0       
   0         0         0       
   0         0         0       
   0         0         0       

QFRC_ACTUATOR
   0       
   0       
   0       
   0       
   0       
   0       

QFRC_SMOOTH
   2.5     
   2.2     
  -0.39    
   0.64    
   1.9     
   1.5     

QACC_SMOOTH
   31      
   7.3     
  -1.3e+02 
   4.2e+03 
   1.3e+03 
   2.5e+03 

QFRC_CONSTRAINT
   0       
   0       
   0       
   0       
   0       
   0       

QFRC_INVERSE
   0       
   0       
   0       
   0       
   0       
   0       

CACC
   0         0         0         0         0         0       
   0         0         0         0         0         0       
   0         0         0         0         0         0       
   0         0         0         0         0         0       
   0         0         0         0         0         0       

CFRC_INT
   0         0         0         0         0         0       
   0         0         0         0         0         0       
   0         0         0         0         0         0       
   0         0         0         0         0         0       
   0         0         0         0         0         0       

CFRC_EXT
   0         0         0         0         0         0       
   0         0         0         0         0         0       
   0         0         0         0         0         0       
   0         0         0         0         0         0       
   0         0         0         0         0         0       

